-6.082778535588175828e+00 -5.750990595658903359e+00 7.505104131833043590e-01 1.045657921219791398e+01 -2.114782324796966861e+01
3.085146644641710623e+00 3.565439902235077341e+01 1.715210470447880553e+00 -7.789377410197280582e+00 5.868296117675119383e+00
3.572905912734051448e+00 -1.041433150916742889e+01 -4.978612264988871772e+00 1.135217833483776495e+01 -8.573538780171064744e+00
3.119741523661083704e+00 -1.078431201633032721e+01 -3.848809386926210330e+00 1.027840060079036810e+01 -3.900364921899040382e+00
1.777952155844360949e+00 2.283939143312091602e+01 -8.521010632875581692e+00 -4.951493014661708436e+00 2.438195538800164286e+01
-2.092699417152496189e+00 -2.815048082657965800e+00 -1.073981155183362901e+01 2.846159294794542660e+00 -2.055945483658447159e+01
5.164987309963392503e-01 2.611668651922502526e+00 5.550423263373572169e+00 -5.093042729777218725e+00 -9.646604189416505548e+00
1.408279023527078788e+00 1.027045857275155516e+00 4.125974462895436901e+00 -4.415607232339856303e+00 -8.485226945929497333e+00
2.140383644425508436e+00 1.739234418969738982e+01 8.110386609229978561e+00 -1.025610458766049859e+01 8.985875744062761683e+00
-6.154139133034364217e-01 -9.490146845115177143e+00 3.715736213503014529e+00 -7.677735576657694239e+00 2.079590136286761393e+01
-9.742253045546767964e+00 -7.241293294356669463e+00 7.819414659854523109e+00 -9.841549910910800669e-01 -5.420901051543627780e+00
-4.812400983288415368e+00 -1.165592441539914148e+01 1.996591396252586303e+00 6.430510779060389481e+00 -9.278694638142871653e+00
-3.556615186371980375e+00 -1.226830144578312165e+01 -1.383862626647442262e+01 9.756679376615325916e-01 3.258537463241135868e+01
6.180574894910224604e-01 2.174700533704347549e+01 1.417704754875506179e-01 -1.145354846719282271e+01 -6.003601919604335535e-01
5.173535915938778373e+00 -2.267481280289074519e+01 -3.349018405139785770e+00 1.093086783149663788e+01 1.749425145376105606e-01
4.118077463902764634e+00 -1.617610231897953810e+01 -2.850993128018071587e+00 1.079007069868959334e+01 6.213766373050205516e+00
7.415752155260020295e-01 9.222643377351856131e+00 -1.681633446429161349e+00 3.629966237864353129e+00 -4.738978278557965496e+00
-4.305185413783477522e+00 -1.238530665749877002e+01 3.686987637726501177e+00 -1.153515549797902473e+01 -1.713336231435665624e+01
1.777106350452822170e+00 7.703053376437424049e+00 7.508076291076779540e+00 -5.132125068459492123e-01 1.523505566894330876e+01
1.230540617468918185e+01 -1.008709276152919188e+01 -2.125239679679861382e+00 1.000318286375981103e+01 2.583204898235935687e-02
